1	ETGQ	411254	780834	0
1	MIPQ	410123	763955	0
1	MARRCQ	405508	761354	0
1	BILEYQ	404758	754447	0
1	VIBESQ	404547	753602	0
1	FINSIQ	403621	750902	0
1	AWAREQ	403119	750213	0
1	FOLAMQ	402348	745430	0
1	HAYERQ	401806	744157	0
1	COSTLQ	401738	742936	0
1	TYKESQ	401721	742306	0
1	MINKSQ	402230	741637	0
1	RABBAQ	402751	740950	0
1	RENUEQ	403106	740539	0
1	CONILQ	403759	740226	0
1	VASTIQ	404151	740026	0
1	ARRYAQ	404251	735452	0
1	CARAAQ	404534	734526	0
1	EVANZQ	404843	734134	0
1	MIRRAQ	405051	733950	0
1	ALTASQ	405129	733918	0
1	NTAKAQ	405441	734559	0
1	OMAARQ	405401	734631	0
1	GREKOQ	405155	734815	0
1	KYLIEQ	404848	735049	0
1	LGA22Q	404707	735213	0
1	IGNQ	413955	734919	0
1	VALREQ	412607	735254	0
1	BASYEQ	412036	734754	0
1	FODAKQ	411617	734408	0
1	DOSWLQ	411404	734201	0
1	ELZEEQ	411134	733945	0
1	HAARPQ	410659	733536	0
1	FAMMAQ	410036	734055	0
1	YOMANQ	405612	734442	0
1	LGA31Q	404619	735124	0
1	KWANNQ	404717	735326	0
1	THRONQ	405223	735752	0
1	PXTQ	381716	762401	0
1	GAREDQ	384139	760122	0
1	RIDGYQ	385634	754722	0
1	ENOQ	391354	753057	0
1	SKIPYQ	393021	751618	0
1	BESSIQ	394035	750645	0
1	EDJERQ	395054	745750	0
1	DAVYSQ	395521	745349	0
1	HOLEYQ	395818	744936	0
1	BRANDQ	400206	744409	0
1	KORRYQ	400538	743905	0
1	RBVQ	401209	742942	0
1	SHVALQ	401346	742738	0
1	GVEQ	380048	780910	0
1	COLINQ	380558	763951	0
1	KUTMIQ	405335	735522	0
1	IAD01RQ	385651	772736	0
1	FUREEQ	390019	772607	0
1	CIREPQ	390504	772728	0
1	ARKAYQ	390849	772724	0
1	RAISNQ	391040	771654	0
1	FATIRQ	390608	765129	0
1	PALEOQ	390141	762222	0
1	AGARDQ	390236	760411	0
1	SPEAKQ	390329	754445	0
1	KRDUQ	355240	784715	0
1	BOS27Q	422137	705916	0
1	WIBASQ	422013	710724	0
1	BOSOXQ	421207	713740	0
1	SWALOQ	420356	721136	0
1	BDLQ	415621	724059	0
1	KSAVQ	320739	811207	0
1	KPWMQ	433844	701830	0
1	KPITQ	402929	801358	0
1	PSBQ	405459	775933	0
1	CYULQ	452813	734427	0
1	KORDQ	415854	875424	0
1	KTPAQ	275832	823159	0
1	KSDFQ	381027	854411	0
