1	ETG	411254	780834	0
1	MIP	410123	763955	0
1	MARRC	405508	761354	0
1	BILEY	404758	754447	0
1	VIBES	404547	753602	0
1	FINSI	403621	750902	0
1	AWARE	403119	750213	0
1	FOLAM	402348	745430	0
1	HAYER	401806	744157	0
1	COSTL	401738	742936	0
1	TYKES	401721	742306	0
1	MINKS	402230	741637	0
1	RABBA	402751	740950	0
1	RENUE	403106	740539	0
1	CONIL	403759	740226	0
1	VASTI	404151	740026	0
1	ARRYA	404251	735452	0
1	CARAA	404534	734526	0
1	EVANZ	404843	734134	0
1	MIRRA	405051	733950	0
1	ALTAS	405129	733918	0
1	NTAKA	405441	734559	0
1	OMAAR	405401	734631	0
1	GREKO	405155	734815	0
1	KYLIE	404848	735049	0
1	LGA22	404707	735213	0
1	IGN	413955	734919	0
1	VALRE	412607	735254	0
1	BASYE	412036	734754	0
1	FODAK	411617	734408	0
1	DOSWL	411404	734201	0
1	ELZEE	411134	733945	0
1	HAARP	410659	733536	0
1	FAMMA	410036	734055	0
1	YOMAN	405612	734442	0
1	LGA31	404619	735124	0
1	KWANN	404717	735326	0
1	THRON	405223	735752	0
1	PXT	381716	762401	0
1	GARED	384139	760122	0
1	RIDGY	385634	754722	0
1	ENO	391354	753057	0
1	SKIPY	393021	751618	0
1	BESSI	394035	750645	0
1	EDJER	395054	745750	0
1	DAVYS	395521	745349	0
1	HOLEY	395818	744936	0
1	BRAND	400206	744409	0
1	KORRY	400538	743905	0
1	RBV	401209	742942	0
1	SHVAL	401346	742738	0
1	GVE	380048	780910	0
1	COLIN	380558	763951	0
1	KUTMI	405335	735522	0
1	IAD01R	385651	772736	0
1	FUREE	390019	772607	0
1	CIREP	390504	772728	0
1	ARKAY	390849	772724	0
1	RAISN	391040	771654	0
1	FATIR	390608	765129	0
1	PALEO	390141	762222	0
1	AGARD	390236	760411	0
1	SPEAK	390329	754445	0
1	KRDU	355240	784715	0
1	BOS27	422137	705916	0
1	WIBAS	422013	710724	0
1	BOSOX	421207	713740	0
1	SWALO	420356	721136	0
1	BDL	415621	724059	0
1	KSAV	320739	811207	0
1	KPWM	433844	701830	0
1	KPIT	402929	801358	0
1	PSB	405459	775933	0
1	CYUL	452813	734427	0
1	KORD	415854	875424	0
1	KTPA	275832	823159	0
1	KSDF	381027	854411	0
