1	LGA04Q	404608	735302	0
1	RAMUPQ	404742	735146	0
1	BEGNZQ	405109	735326	0
1	DOSWLQ	411404	734201	0
1	ELZEEQ	411134	733945	0
1	HAARPQ	410659	733536	0
1	IKILYQ	410404	733317	0
1	JETAXQ	405521	733547	0
1	MOTTIQ	404703	734211	0
1	FURNNQ	404521	734336	0
1	TAZIEQ	404438	734756	0
1	LGA31Q	404619	735124	0
1	AGARDQ	390236	760411	0
1	SPEAKQ	390329	754445	0
1	ENOQ	391354	753057	0
1	SKIPYQ	393021	751618	0
1	BESSIQ	394035	750645	0
1	EDJERQ	395054	745750	0
1	DAVYSQ	395521	745349	0
1	HOLEYQ	395818	744936	0
1	BRANDQ	400206	744409	0
1	KORRYQ	400538	743905	0
1	CNRADQ	400843	743439	0
1	RBVQ	401209	742942	0
1	SHVALQ	401346	742738	0
1	TYKESQ	401721	742306	0
1	MINKSQ	402230	741637	0
1	BILLNQ	402719	740710	0
1	BYRNNQ	403038	740423	0
1	VERGEQ	403748	735849	0
1	TYRALQ	404044	735631	0
1	ARRYAQ	404251	735452	0
1	BONNOQ	404328	735121	0
1	ANZZAQ	404601	735049	0
1	KINDQ	394301	861740	0
1	ETGQ	411254	780834	0
1	MIPQ	410123	763955	0
1	MARRCQ	405508	761354	0
1	BILEYQ	404758	754447	0
1	VIBESQ	404547	753602	0
1	FINSIQ	403621	750902	0
1	AWAREQ	403119	750213	0
1	FOLAMQ	402348	745430	0
1	HAYERQ	401806	744157	0
1	COSTLQ	401738	742936	0
1	GVEQ	380048	780910	0
1	COLINQ	380558	763951	0
1	GAREDQ	384139	760122	0
1	RIDGYQ	385634	754722	0
1	ALEKSQ	404951	734958	0
1	KCMHQ	395952	825330	0
1	GRACEQ	405125	794801	0
1	PXTQ	381716	762401	0
1	SWLQ	380324	752750	0
1	IGNQ	413955	734919	0
1	VALREQ	412607	735254	0
1	BASYEQ	412036	734754	0
1	FODAKQ	411617	734408	0
1	FATIRQ	390608	765129	0
1	PALEOQ	390141	762222	0
1	KCLTQ	351248	805657	0
1	BDLQ	415621	724059	0
1	RIC34Q	373007	771912	0
1	HALIRQ	373244	771857	0
1	SVILLQ	374711	770157	0
1	KDAYQ	395407	841309	0
1	CXRQ	413100	810947	0
1	KORDQ	415854	875424	0
1	KATLQ	333812	842540	0
1	PSBQ	405459	775933	0
1	BOS27Q	422137	705916	0
1	WIBASQ	422013	710724	0
1	BOSOXQ	421207	713740	0
1	DCA01Q	385107	770243	0
1	FIROPQ	385215	770222	0
1	ADAXEQ	385402	770404	0
1	BEBLEQ	385455	770627	0
1	COVTOQ	385649	770802	0
1	LAZIRQ	385909	771036	0
1	KUBEYQ	390418	770822	0
1	KCLEQ	412433	815116	0
1	TONQ	404406	781953	0
