1	LGA04	404608	735302	0
1	RAMUP	404742	735146	0
1	BEGNZ	405109	735326	0
1	DOSWL	411404	734201	0
1	ELZEE	411134	733945	0
1	HAARP	410659	733536	0
1	IKILY	410404	733317	0
1	JETAX	405521	733547	0
1	MOTTI	404703	734211	0
1	FURNN	404521	734336	0
1	TAZIE	404438	734756	0
1	LGA31	404619	735124	0
1	AGARD	390236	760411	0
1	SPEAK	390329	754445	0
1	ENO	391354	753057	0
1	SKIPY	393021	751618	0
1	BESSI	394035	750645	0
1	EDJER	395054	745750	0
1	DAVYS	395521	745349	0
1	HOLEY	395818	744936	0
1	BRAND	400206	744409	0
1	KORRY	400538	743905	0
1	CNRAD	400843	743439	0
1	RBV	401209	742942	0
1	SHVAL	401346	742738	0
1	TYKES	401721	742306	0
1	MINKS	402230	741637	0
1	BILLN	402719	740710	0
1	BYRNN	403038	740423	0
1	VERGE	403748	735849	0
1	TYRAL	404044	735631	0
1	ARRYA	404251	735452	0
1	BONNO	404328	735121	0
1	ANZZA	404601	735049	0
1	KIND	394301	861740	0
1	ETG	411254	780834	0
1	MIP	410123	763955	0
1	MARRC	405508	761354	0
1	BILEY	404758	754447	0
1	VIBES	404547	753602	0
1	FINSI	403621	750902	0
1	AWARE	403119	750213	0
1	FOLAM	402348	745430	0
1	HAYER	401806	744157	0
1	COSTL	401738	742936	0
1	GVE	380048	780910	0
1	COLIN	380558	763951	0
1	GARED	384139	760122	0
1	RIDGY	385634	754722	0
1	ALEKS	404951	734958	0
1	KCMH	395952	825330	0
1	GRACE	405125	794801	0
1	PXT	381716	762401	0
1	SWL	380324	752750	0
1	IGN	413955	734919	0
1	VALRE	412607	735254	0
1	BASYE	412036	734754	0
1	FODAK	411617	734408	0
1	FATIR	390608	765129	0
1	PALEO	390141	762222	0
1	KCLT	351248	805657	0
1	BDL	415621	724059	0
1	RIC34	373007	771912	0
1	HALIR	373244	771857	0
1	SVILL	374711	770157	0
1	KDAY	395407	841309	0
1	CXR	413100	810947	0
1	KORD	415854	875424	0
1	KATL	333812	842540	0
1	PSB	405459	775933	0
1	BOS27	422137	705916	0
1	WIBAS	422013	710724	0
1	BOSOX	421207	713740	0
1	DCA01	385107	770243	0
1	FIROP	385215	770222	0
1	ADAXE	385402	770404	0
1	BEBLE	385455	770627	0
1	COVTO	385649	770802	0
1	LAZIR	385909	771036	0
1	KUBEY	390418	770822	0
1	KCLE	412433	815116	0
1	TON	404406	781953	0
